$ANSIBLE_VAULT;1.1;AES256
31313464623033646232316231613539666563653263656663383761363861326162336339366164
3732373463396339356434386332653232663839656537610a373133366334616231303431316463
36636165666137346265323563623830623332646633373136356565376631386637343231333464
6465613438623965640a346131323664616365383531666465323865373931666464623362316461
37343266636336376131613836393466353664303132303562326432643539633230646166663434
36396366373033656261383263303765313833393238356564303739393936333633313232313031
34376361326439336435373066383239386331383364303362323038633664323635666261663566
34363739383662333031343963393766383164316363656566613465313635656132386261323231
62363039306165613366333531666333356664306533373534613138653766366565623364303636
32326432323065353538383233656264633836636165636430333833346433363735633437313962
66626466343837363834303030626535346162616536323333626466383739613737383966623961
61643163666466336638663231616432383437663130646466336561386564383039373634653063
63663533383965623930393063336337323838613334373463383031663866323765656338396262
65326364333531373664313134653633616363366363326431393765396161306562363037386435
63616435393664346666633163343065613934633661333136646637616637346335356234666266
31393331313837343234356638646130396332373462366235383338616362666139666430336163
34376161323338643731636662313932393965616462396464353537343037343539303463356336
37643564653734613831636465366430356262363035636638326436643930633266313138626338
35343062323736636363313461623161393335653036626239373235643335313834373937336365
65353137373839643661336134306236363436393232323339663237313730653739663935326562
33356334633737376637643766313335616537393338663135343063326138313836303337633433
32346464383033356436386264663934356630383063636464393032313663356631396566636661
35373935633634656462393630376436313963393264326531663735633664643161313363633961
30383561343839623933353538626130636164333139653936633630343632366234653937336466
37626539353637393337633466653632383865396633316636313666646437316264343062383065
31373538616666336563333466346638643736333661373830333638613935313739636337373036
61366136306237333137363130386630376136383532343437346331623439373766646265386661
36636230383365616463
